$Ensemble
                                             E23-0274 E23-0273 E23-0272 E23-0271 E23-0270 E23-0269 E23-0268 E23-0266 E23-0265
A0A1W2PNV4                                   18.74230 18.65927 18.61420 19.05818 18.87100 18.99939 18.84951 18.31504 19.12694
A0A1W2PRB8                                   16.20942 16.29849 16.48041 16.28588 16.36649 16.38365 16.39582 16.08137 16.42839
AAAS                                         15.34990 15.84045 15.57893 15.65368 15.30929 15.56783 15.53172 15.10575 15.51833
AAK1                                         16.67926 16.62569 16.90761 16.51193 16.70101 16.59111 16.70244 16.66561 16.68638
AAMDC                                        15.00285 14.70385 14.92542 14.69574 14.96399 14.83433 14.81306 15.08288 14.85371
AAMP                                         15.62216 15.14132 15.16308 15.56430 15.16233 15.48709 15.33229 15.73285 15.25570
AARS1                                        18.89842 18.53464 18.68840 19.12837 18.72551 18.97763 18.96361 18.62691 19.15166
AARS2                                        16.05936 16.59184 16.21570 16.15976 16.03020 16.15156 16.02158 15.95816 15.97208
AASDHPPT                                     15.51906 14.96271 15.07897 15.37141 15.21314 15.44728 15.23598 14.98259 15.39322
AASS                                         14.82581 15.54899 15.55767 15.85344 15.33742 15.93319 16.10935 15.11959 15.10435
AATF                                         14.91024 14.50271 14.45162 14.61185 14.97514 14.78086 14.62905 14.54061 14.33962
ABCB10                                       15.45514 16.31706 15.46385 16.10503 15.33574 15.69003 15.57103 15.30561 15.64933
                                             E23-0263 E23-0262 E23-0261 E23-0278 E23-0260  E23-0259 E23-0258 E23-0257 E23-0256
A0A1W2PNV4                                   18.98214 18.70881 18.87702 19.05201 19.05764 18.919390 18.79273 18.51572 18.57436
A0A1W2PRB8                                   16.40422 16.01579 16.31521 16.38443 16.61917 16.485717 16.37819 16.13021 16.48018
AAAS                                         15.57142 15.27207 15.70773 15.37417 15.55658 15.439111 15.73903 15.66745 15.55579
AAK1                                         16.94242 16.74375 16.47829 16.66511 16.58584 17.175895 16.53047 16.71083 16.70544
AAMDC                                        14.90189 15.20463 14.48149 14.42545 15.02913 14.562724 14.71943 15.24903 14.79298
AAMP                                         15.54934 15.70991 15.14151 15.23981 15.54429 15.516953 15.50448 15.59178 15.04100
AARS1                                        19.23238 18.96098 18.96067 18.88946 18.92657 18.859839 19.06611 18.74349 18.57009
AARS2                                        16.05528 16.28516 16.08532 16.10261 16.28246 16.042093 16.07052 16.61634 15.93781
AASDHPPT                                     15.40858 15.46683 15.12838 15.17349 15.34032 15.313947 15.47825 15.38468 15.11668
AASS                                         15.48122 15.23481 16.02702 15.67790 15.74949 15.600397 15.12692 15.28045 16.01085
AATF                                         14.82254 14.85172 14.37451 14.66080 14.57263 14.491137 14.62559 15.02881 14.52163
ABCB10                                       15.70116 15.65875 15.49096 15.93849 16.08881 15.516676 16.04945 15.62872 15.79083
                                              E23-0255 E23-0254  E23-0253 E23-0277  E23-0252 E23-0251 E23-0250 E23-0267
A0A1W2PNV4                                   19.103676 19.15726 18.772849 18.85897 18.882288 18.82113 18.91532 18.89081
A0A1W2PRB8                                   16.636405 16.59192 16.099956 16.22555 16.519338 16.29894 16.22504 16.14669
AAAS                                         15.595777 15.49302 15.412463 15.70402 15.514936 15.73524 15.58401 15.69143
AAK1                                         16.539316 16.45700 16.904265 16.82925 16.713461 16.78015 16.50373 16.68897
AAMDC                                        14.808601 15.29241 15.084909 14.84771 14.779056 14.83389 14.63761 14.85315
AAMP                                         15.447756 15.42793 15.594883 15.22562 15.749828 15.21070 15.39715 15.37684
AARS1                                        19.070735 19.16974 18.726410 18.59118 19.259248 18.80602 18.72774 18.89909
AARS2                                        16.072251 16.05719 16.335576 16.13913 15.812361 16.08544 16.19583 16.18900
AASDHPPT                                     15.272851 15.27344 15.348600 15.36259 15.555775 15.02344 15.26796 15.42705
AASS                                         15.323503 15.20324 15.322216 14.90297 15.308943 15.31019 16.09052 15.21829
AATF                                         14.449933 14.41028 14.731236 14.81469 14.500023 14.65736 14.84338 14.72499
ABCB10                                       15.866380 15.76968 15.438695 15.83499 15.398692 15.74752 16.22116 16.19730
                                             E23-0249 E23-0248 E23-0247 E23-0246  E23-0245  E23-0244 E23-0243 E23-0241 E23-0237
A0A1W2PNV4                                   18.70684 18.62717 18.70250 18.61079 18.772813 18.789385 19.11610 18.77580 18.86056
A0A1W2PRB8                                   16.48177 16.17348 16.33068 16.43590 16.216352 16.400545 16.56784 16.17447 16.53066
AAAS                                         15.59333 15.55521 15.63849 15.80209 15.622556 15.687570 15.35914 15.36799 15.51929
AAK1                                         16.60418 16.83734 16.48596 16.79512 16.747442 16.621800 16.80665 16.55932 16.92392
AAMDC                                        14.40160 14.70788 15.00873 14.50985 15.014547 14.598575 15.00735 14.73045 15.17401
AAMP                                         15.20418 15.18004 15.26091 15.13992 15.468195 15.247503 15.37346 15.90657 15.43949
AARS1                                        18.84841 19.09710 18.91184 18.58760 18.862929 18.672599 19.14144 18.87561 19.12347
AARS2                                        15.91847 16.20088 16.31609 16.40451 16.101462 16.386657 15.89697 16.27290 15.82992
AASDHPPT                                     15.25961 15.20284 15.22707 15.12121 15.235020 15.156544 15.37617 15.12985 15.39422
AASS                                         15.82059 15.35896 15.10709 16.15163 15.238400 15.885681 15.55687 15.09558 15.38837
AATF                                         14.68953 14.46366 14.46292 14.86519 14.641888 14.534175 14.58831 14.89205 14.32327
ABCB10                                       15.56368 15.86074 15.53339 15.37273 15.587172 15.851482 15.25423 15.21380 15.52191
                                             E23-0235 E23-0234 E23-0233 E23-0232 E23-0231 E23-0230 E23-0229  E23-0228 E23-0226
A0A1W2PNV4                                   18.87685 18.77178 19.13450 18.88658 18.72134 18.90188 18.48355 19.036361 18.78752
A0A1W2PRB8                                   16.42057 16.19365 16.30580 16.48585 16.07045 16.37979 16.29431 16.446778 16.31695
AAAS                                         15.43897 15.62765 15.39197 15.71479 15.81794 15.56013 15.89285 15.427807 15.67624
AAK1                                         16.55066 16.53244 17.04121 16.82900 16.55215 16.75413 16.58014 16.800550 16.55615
AAMDC                                        14.91838 14.91050 14.88290 14.88843 14.94716 14.74787 14.36166 14.922214 14.58228
AAMP                                         15.29766 15.45791 15.40301 15.18874 15.23609 15.46695 15.35269 15.768164 15.03211
AARS1                                        19.16232 18.90768 18.86574 19.02811 18.79352 18.88915 18.58930 18.957586 18.63978
AARS2                                        16.06146 15.98388 16.27173 16.12790 16.38367 15.98633 16.39613 15.981332 16.18262
AASDHPPT                                     15.38990 15.44897 15.20960 15.37210 15.18680 15.45638 14.97906 15.417560 15.12489
AASS                                         15.59372 15.54235 15.20403 15.27489 15.21712 15.44827 16.18589 15.113395 16.17474
AATF                                         14.53593 14.59986 14.33328 14.51207 14.77744 14.54140 14.87615 14.773212 14.67500
ABCB10                                       15.71307 15.96559 15.38738 15.33884 15.99851 15.98539 15.73595 15.402259 16.13046
                                             E23-0276 E23-0224 E23-0223 E23-0222 E23-0275 E23-0221 E23-0220 E23-0219  E23-0218
A0A1W2PNV4                                   18.71025 18.77493 18.90540 18.96772 18.65594 18.79561 19.07283 19.08733 18.908333
A0A1W2PRB8                                   16.65235 16.49333 16.35972 16.26589 16.16433 16.38275 16.41053 16.52385 16.396044
AAAS                                         15.44580 15.53993 15.48872 15.64210 15.75254 15.82966 15.53076 15.32324 15.352731
AAK1                                         16.75345 16.41520 16.81053 16.61981 16.44511 17.06572 16.94224 16.47805 16.932680
AAMDC                                        15.15009 14.81828 14.92822 14.80143 14.74417 14.85036 14.93539 14.79364 14.976145
AAMP                                         15.61636 15.60234 15.43832 15.61423 15.64108 15.62404 15.25446 15.52520 15.448181
AARS1                                        19.11121 18.94693 19.38117 19.04784 19.02735 19.04894 19.16002 19.05898 18.965204
AARS2                                        16.00834 16.31520 15.89658 15.89163 16.25193 16.21925 16.18811 15.88991 15.680818
AASDHPPT                                     15.54699 15.48957 15.44980 15.77646 15.14973 15.28605 15.46629 15.36942 15.400633
AASS                                         15.71149 15.33666 15.03251 15.82849 15.51855 15.09373 15.34920 15.27510 15.369528
AATF                                         14.27421 14.78007 14.59808 14.71032 14.65872 14.65781 14.64631 14.71927 14.225200
ABCB10                                       15.41770 15.86908 15.30777 15.62043 15.70701 15.80214 15.41935 15.28654 16.104264
                                             E23-0217 E23-0216 E23-0215 E23-0214 E23-0213 E23-0212 E23-0211 E23-0210 E23-0209
A0A1W2PNV4                                   18.85932 19.04988 18.48819 18.70747 18.51087 18.68357 18.82778 18.47512 18.96104
A0A1W2PRB8                                   16.07943 16.52488 16.23575 16.08121 16.19950 16.26276 16.47661 16.25134 16.17165
AAAS                                         15.52004 15.87936 15.70539 15.46330 15.68049 15.39228 15.67608 15.76025 15.56908
AAK1                                         16.55869 16.57664 16.65880 16.67744 16.65090 16.62021 16.64280 16.87308 16.52192
AAMDC                                        14.85326 14.39309 14.68792 14.81422 14.69273 14.92033 15.12016 14.69929 14.87249
AAMP                                         15.25763 15.30096 15.25012 15.52826 15.34989 15.42743 15.52435 15.63502 15.44440
AARS1                                        18.81891 18.75236 18.63033 18.82105 18.52580 18.73844 18.80544 18.96072 18.91543
AARS2                                        16.40416 16.21805 16.28342 16.20854 16.32306 16.04354 16.06823 16.49471 16.19787
AASDHPPT                                     15.17515 15.06422 15.12675 15.27878 15.11844 15.02753 15.39845 15.04773 15.38875
AASS                                         15.26521 14.75390 15.71963 15.73258 15.68423 15.40975 15.42394 16.01704 15.08593
AATF                                         14.77290 14.72352 14.65400 14.62031 14.62506 14.82447 14.27741 14.68616 14.63164
ABCB10                                       15.53627 15.87339 16.02108 15.85463 15.90005 15.94184 15.92122 15.81743 15.79302
                                             E23-0208 E23-0207 E23-0264 E23-0206  E23-0205 E23-0204 E23-0203 E23-0202 E23-0201
A0A1W2PNV4                                   18.85113 18.58752 18.82468 19.14115 18.497452 19.00130 18.52416 18.88607 18.85217
A0A1W2PRB8                                   16.45513 16.24081 16.42609 16.55793 16.204578 16.46097 16.24519 16.40172 16.25509
AAAS                                         15.56753 15.79417 15.52817 15.55126 15.171455 15.42550 15.64163 15.68940 15.70119
AAK1                                         16.57882 16.65340 16.59856 16.57825 16.682960 16.73774 16.75723 16.55177 16.52077
AAMDC                                        14.71205 14.88224 14.79915 14.77538 14.949436 14.85254 14.82253 14.75426 14.59669
AAMP                                         15.47112 14.95636 15.58448 15.38456 15.734706 15.38530 15.62292 15.31817 15.21949
AARS1                                        18.94399 18.49826 19.07636 18.86924 19.099574 18.75615 18.84407 18.93576 18.83141
AARS2                                        16.20479 16.45249 16.09736 16.04565 15.949939 15.97488 16.20087 16.44493 16.27597
AASDHPPT                                     15.42815 15.13364 15.41597 15.37360 14.975378 15.27177 15.20119 15.25862 15.17687
AASS                                         15.06920 16.40974 14.99747 15.59590 15.541382 15.55028 15.26804 15.78895 15.77778
AATF                                         14.68352 14.82290 14.63550 14.54703 14.657364 14.72309 14.69359 14.71148 14.64985
ABCB10                                       15.69043 15.83121 15.50296 15.84489 15.270202 15.54227 15.67097 16.09580 15.65987
                                             E23-0200 E23-0199  E23-0198 E23-0197 E23-0196 E23-0195 E23-0194 E23-0193
A0A1W2PNV4                                   18.67342 18.90466 18.548171 18.55311 18.86896 18.44017 19.03953 18.96027
A0A1W2PRB8                                   16.13997 16.30662 16.477220 16.41941 16.14488 16.13259 16.56072 16.25591
AAAS                                         15.69890 15.73073 15.510340 15.53159 15.37424 15.17887 15.44622 15.39894
AAK1                                         16.67633 16.84109 16.512067 16.63062 16.85375 16.77373 16.69359 16.86414
AAMDC                                        14.75670 14.37791 14.713576 14.86538 14.95970 15.33261 14.75391 15.27059
AAMP                                         15.19839 15.44114 15.514457 15.68381 15.56467 15.82641 15.37088 15.43179
AARS1                                        18.64534 18.72133 18.785356 18.95485 19.11652 18.84011 18.97241 19.41860
AARS2                                        16.37658 16.21553 16.262483 16.23781 16.34010 15.88046 15.98317 15.87751
AASDHPPT                                     15.17726 15.14410 15.233270 15.20956 15.28923 15.03256 15.32373 15.44312
AASS                                         15.92343 14.94003 15.719549 16.21311 15.31912 15.16959 15.10348 15.17765
AATF                                         14.76970 14.39987 14.530105 14.62420 14.78639 14.65681 14.49282 14.32058
ABCB10                                       15.83066 15.76975 16.355972 15.86427 15.78963 15.45605 16.11854 15.46090
 [ reached getOption("max.print") -- omitted 4957 rows ]

$Ensemble
                                             E23-0274 E23-0273 E23-0272 E23-0271 E23-0270 E23-0269 E23-0268 E23-0266 E23-0265
A0A1W2PNV4                                   18.74230 18.65927 18.61420 19.05818 18.87100 18.99939 18.84951 18.31504 19.12694
A0A1W2PRB8                                   16.20942 16.29849 16.48041 16.28588 16.36649 16.38365 16.39582 16.08137 16.42839
AAAS                                         15.34990 15.84045 15.57893 15.65368 15.30929 15.56783 15.53172 15.10575 15.51833
AAK1                                         16.67926 16.62569 16.90761 16.51193 16.70101 16.59111 16.70244 16.66561 16.68638
AAMDC                                        15.00285 14.70385 14.92542 14.69574 14.96399 14.83433 14.81306 15.08288 14.85371
AAMP                                         15.62216 15.14132 15.16308 15.56430 15.16233 15.48709 15.33229 15.73285 15.25570
AARS1                                        18.89842 18.53464 18.68840 19.12837 18.72551 18.97763 18.96361 18.62691 19.15166
AARS2                                        16.05936 16.59184 16.21570 16.15976 16.03020 16.15156 16.02158 15.95816 15.97208
AASDHPPT                                     15.51906 14.96271 15.07897 15.37141 15.21314 15.44728 15.23598 14.98259 15.39322
AASS                                         14.82581 15.54899 15.55767 15.85344 15.33742 15.93319 16.10935 15.11959 15.10435
AATF                                         14.91024 14.50271 14.45162 14.61185 14.97514 14.78086 14.62905 14.54061 14.33962
ABCB10                                       15.45514 16.31706 15.46385 16.10503 15.33574 15.69003 15.57103 15.30561 15.64933
                                             E23-0263 E23-0262 E23-0261 E23-0278 E23-0260  E23-0259 E23-0258 E23-0257 E23-0256
A0A1W2PNV4                                   18.98214 18.70881 18.87702 19.05201 19.05764 18.919390 18.79273 18.51572 18.57436
A0A1W2PRB8                                   16.40422 16.01579 16.31521 16.38443 16.61917 16.485717 16.37819 16.13021 16.48018
AAAS                                         15.57142 15.27207 15.70773 15.37417 15.55658 15.439111 15.73903 15.66745 15.55579
AAK1                                         16.94242 16.74375 16.47829 16.66511 16.58584 17.175895 16.53047 16.71083 16.70544
AAMDC                                        14.90189 15.20463 14.48149 14.42545 15.02913 14.562724 14.71943 15.24903 14.79298
AAMP                                         15.54934 15.70991 15.14151 15.23981 15.54429 15.516953 15.50448 15.59178 15.04100
AARS1                                        19.23238 18.96098 18.96067 18.88946 18.92657 18.859839 19.06611 18.74349 18.57009
AARS2                                        16.05528 16.28516 16.08532 16.10261 16.28246 16.042093 16.07052 16.61634 15.93781
AASDHPPT                                     15.40858 15.46683 15.12838 15.17349 15.34032 15.313947 15.47825 15.38468 15.11668
AASS                                         15.48122 15.23481 16.02702 15.67790 15.74949 15.600397 15.12692 15.28045 16.01085
AATF                                         14.82254 14.85172 14.37451 14.66080 14.57263 14.491137 14.62559 15.02881 14.52163
ABCB10                                       15.70116 15.65875 15.49096 15.93849 16.08881 15.516676 16.04945 15.62872 15.79083
                                              E23-0255 E23-0254  E23-0253 E23-0277  E23-0252 E23-0251 E23-0250 E23-0267
A0A1W2PNV4                                   19.103676 19.15726 18.772849 18.85897 18.882288 18.82113 18.91532 18.89081
A0A1W2PRB8                                   16.636405 16.59192 16.099956 16.22555 16.519338 16.29894 16.22504 16.14669
AAAS                                         15.595777 15.49302 15.412463 15.70402 15.514936 15.73524 15.58401 15.69143
AAK1                                         16.539316 16.45700 16.904265 16.82925 16.713461 16.78015 16.50373 16.68897
AAMDC                                        14.808601 15.29241 15.084909 14.84771 14.779056 14.83389 14.63761 14.85315
AAMP                                         15.447756 15.42793 15.594883 15.22562 15.749828 15.21070 15.39715 15.37684
AARS1                                        19.070735 19.16974 18.726410 18.59118 19.259248 18.80602 18.72774 18.89909
AARS2                                        16.072251 16.05719 16.335576 16.13913 15.812361 16.08544 16.19583 16.18900
AASDHPPT                                     15.272851 15.27344 15.348600 15.36259 15.555775 15.02344 15.26796 15.42705
AASS                                         15.323503 15.20324 15.322216 14.90297 15.308943 15.31019 16.09052 15.21829
AATF                                         14.449933 14.41028 14.731236 14.81469 14.500023 14.65736 14.84338 14.72499
ABCB10                                       15.866380 15.76968 15.438695 15.83499 15.398692 15.74752 16.22116 16.19730
                                             E23-0249 E23-0248 E23-0247 E23-0246  E23-0245  E23-0244 E23-0243 E23-0241 E23-0237
A0A1W2PNV4                                   18.70684 18.62717 18.70250 18.61079 18.772813 18.789385 19.11610 18.77580 18.86056
A0A1W2PRB8                                   16.48177 16.17348 16.33068 16.43590 16.216352 16.400545 16.56784 16.17447 16.53066
AAAS                                         15.59333 15.55521 15.63849 15.80209 15.622556 15.687570 15.35914 15.36799 15.51929
AAK1                                         16.60418 16.83734 16.48596 16.79512 16.747442 16.621800 16.80665 16.55932 16.92392
AAMDC                                        14.40160 14.70788 15.00873 14.50985 15.014547 14.598575 15.00735 14.73045 15.17401
AAMP                                         15.20418 15.18004 15.26091 15.13992 15.468195 15.247503 15.37346 15.90657 15.43949
AARS1                                        18.84841 19.09710 18.91184 18.58760 18.862929 18.672599 19.14144 18.87561 19.12347
AARS2                                        15.91847 16.20088 16.31609 16.40451 16.101462 16.386657 15.89697 16.27290 15.82992
AASDHPPT                                     15.25961 15.20284 15.22707 15.12121 15.235020 15.156544 15.37617 15.12985 15.39422
AASS                                         15.82059 15.35896 15.10709 16.15163 15.238400 15.885681 15.55687 15.09558 15.38837
AATF                                         14.68953 14.46366 14.46292 14.86519 14.641888 14.534175 14.58831 14.89205 14.32327
ABCB10                                       15.56368 15.86074 15.53339 15.37273 15.587172 15.851482 15.25423 15.21380 15.52191
                                             E23-0235 E23-0234 E23-0233 E23-0232 E23-0231 E23-0230 E23-0229  E23-0228 E23-0226
A0A1W2PNV4                                   18.87685 18.77178 19.13450 18.88658 18.72134 18.90188 18.48355 19.036361 18.78752
A0A1W2PRB8                                   16.42057 16.19365 16.30580 16.48585 16.07045 16.37979 16.29431 16.446778 16.31695
AAAS                                         15.43897 15.62765 15.39197 15.71479 15.81794 15.56013 15.89285 15.427807 15.67624
AAK1                                         16.55066 16.53244 17.04121 16.82900 16.55215 16.75413 16.58014 16.800550 16.55615
AAMDC                                        14.91838 14.91050 14.88290 14.88843 14.94716 14.74787 14.36166 14.922214 14.58228
AAMP                                         15.29766 15.45791 15.40301 15.18874 15.23609 15.46695 15.35269 15.768164 15.03211
AARS1                                        19.16232 18.90768 18.86574 19.02811 18.79352 18.88915 18.58930 18.957586 18.63978
AARS2                                        16.06146 15.98388 16.27173 16.12790 16.38367 15.98633 16.39613 15.981332 16.18262
AASDHPPT                                     15.38990 15.44897 15.20960 15.37210 15.18680 15.45638 14.97906 15.417560 15.12489
AASS                                         15.59372 15.54235 15.20403 15.27489 15.21712 15.44827 16.18589 15.113395 16.17474
AATF                                         14.53593 14.59986 14.33328 14.51207 14.77744 14.54140 14.87615 14.773212 14.67500
ABCB10                                       15.71307 15.96559 15.38738 15.33884 15.99851 15.98539 15.73595 15.402259 16.13046
                                             E23-0276 E23-0224 E23-0223 E23-0222 E23-0275 E23-0221 E23-0220 E23-0219  E23-0218
A0A1W2PNV4                                   18.71025 18.77493 18.90540 18.96772 18.65594 18.79561 19.07283 19.08733 18.908333
A0A1W2PRB8                                   16.65235 16.49333 16.35972 16.26589 16.16433 16.38275 16.41053 16.52385 16.396044
AAAS                                         15.44580 15.53993 15.48872 15.64210 15.75254 15.82966 15.53076 15.32324 15.352731
AAK1                                         16.75345 16.41520 16.81053 16.61981 16.44511 17.06572 16.94224 16.47805 16.932680
AAMDC                                        15.15009 14.81828 14.92822 14.80143 14.74417 14.85036 14.93539 14.79364 14.976145
AAMP                                         15.61636 15.60234 15.43832 15.61423 15.64108 15.62404 15.25446 15.52520 15.448181
AARS1                                        19.11121 18.94693 19.38117 19.04784 19.02735 19.04894 19.16002 19.05898 18.965204
AARS2                                        16.00834 16.31520 15.89658 15.89163 16.25193 16.21925 16.18811 15.88991 15.680818
AASDHPPT                                     15.54699 15.48957 15.44980 15.77646 15.14973 15.28605 15.46629 15.36942 15.400633
AASS                                         15.71149 15.33666 15.03251 15.82849 15.51855 15.09373 15.34920 15.27510 15.369528
AATF                                         14.27421 14.78007 14.59808 14.71032 14.65872 14.65781 14.64631 14.71927 14.225200
ABCB10                                       15.41770 15.86908 15.30777 15.62043 15.70701 15.80214 15.41935 15.28654 16.104264
                                             E23-0217 E23-0216 E23-0215 E23-0214 E23-0213 E23-0212 E23-0211 E23-0210 E23-0209
A0A1W2PNV4                                   18.85932 19.04988 18.48819 18.70747 18.51087 18.68357 18.82778 18.47512 18.96104
A0A1W2PRB8                                   16.07943 16.52488 16.23575 16.08121 16.19950 16.26276 16.47661 16.25134 16.17165
AAAS                                         15.52004 15.87936 15.70539 15.46330 15.68049 15.39228 15.67608 15.76025 15.56908
AAK1                                         16.55869 16.57664 16.65880 16.67744 16.65090 16.62021 16.64280 16.87308 16.52192
AAMDC                                        14.85326 14.39309 14.68792 14.81422 14.69273 14.92033 15.12016 14.69929 14.87249
AAMP                                         15.25763 15.30096 15.25012 15.52826 15.34989 15.42743 15.52435 15.63502 15.44440
AARS1                                        18.81891 18.75236 18.63033 18.82105 18.52580 18.73844 18.80544 18.96072 18.91543
AARS2                                        16.40416 16.21805 16.28342 16.20854 16.32306 16.04354 16.06823 16.49471 16.19787
AASDHPPT                                     15.17515 15.06422 15.12675 15.27878 15.11844 15.02753 15.39845 15.04773 15.38875
AASS                                         15.26521 14.75390 15.71963 15.73258 15.68423 15.40975 15.42394 16.01704 15.08593
AATF                                         14.77290 14.72352 14.65400 14.62031 14.62506 14.82447 14.27741 14.68616 14.63164
ABCB10                                       15.53627 15.87339 16.02108 15.85463 15.90005 15.94184 15.92122 15.81743 15.79302
                                             E23-0208 E23-0207 E23-0264 E23-0206  E23-0205 E23-0204 E23-0203 E23-0202 E23-0201
A0A1W2PNV4                                   18.85113 18.58752 18.82468 19.14115 18.497452 19.00130 18.52416 18.88607 18.85217
A0A1W2PRB8                                   16.45513 16.24081 16.42609 16.55793 16.204578 16.46097 16.24519 16.40172 16.25509
AAAS                                         15.56753 15.79417 15.52817 15.55126 15.171455 15.42550 15.64163 15.68940 15.70119
AAK1                                         16.57882 16.65340 16.59856 16.57825 16.682960 16.73774 16.75723 16.55177 16.52077
AAMDC                                        14.71205 14.88224 14.79915 14.77538 14.949436 14.85254 14.82253 14.75426 14.59669
AAMP                                         15.47112 14.95636 15.58448 15.38456 15.734706 15.38530 15.62292 15.31817 15.21949
AARS1                                        18.94399 18.49826 19.07636 18.86924 19.099574 18.75615 18.84407 18.93576 18.83141
AARS2                                        16.20479 16.45249 16.09736 16.04565 15.949939 15.97488 16.20087 16.44493 16.27597
AASDHPPT                                     15.42815 15.13364 15.41597 15.37360 14.975378 15.27177 15.20119 15.25862 15.17687
AASS                                         15.06920 16.40974 14.99747 15.59590 15.541382 15.55028 15.26804 15.78895 15.77778
AATF                                         14.68352 14.82290 14.63550 14.54703 14.657364 14.72309 14.69359 14.71148 14.64985
ABCB10                                       15.69043 15.83121 15.50296 15.84489 15.270202 15.54227 15.67097 16.09580 15.65987
                                             E23-0200 E23-0199  E23-0198 E23-0197 E23-0196 E23-0195 E23-0194 E23-0193
A0A1W2PNV4                                   18.67342 18.90466 18.548171 18.55311 18.86896 18.44017 19.03953 18.96027
A0A1W2PRB8                                   16.13997 16.30662 16.477220 16.41941 16.14488 16.13259 16.56072 16.25591
AAAS                                         15.69890 15.73073 15.510340 15.53159 15.37424 15.17887 15.44622 15.39894
AAK1                                         16.67633 16.84109 16.512067 16.63062 16.85375 16.77373 16.69359 16.86414
AAMDC                                        14.75670 14.37791 14.713576 14.86538 14.95970 15.33261 14.75391 15.27059
AAMP                                         15.19839 15.44114 15.514457 15.68381 15.56467 15.82641 15.37088 15.43179
AARS1                                        18.64534 18.72133 18.785356 18.95485 19.11652 18.84011 18.97241 19.41860
AARS2                                        16.37658 16.21553 16.262483 16.23781 16.34010 15.88046 15.98317 15.87751
AASDHPPT                                     15.17726 15.14410 15.233270 15.20956 15.28923 15.03256 15.32373 15.44312
AASS                                         15.92343 14.94003 15.719549 16.21311 15.31912 15.16959 15.10348 15.17765
AATF                                         14.76970 14.39987 14.530105 14.62420 14.78639 14.65681 14.49282 14.32058
ABCB10                                       15.83066 15.76975 16.355972 15.86427 15.78963 15.45605 16.11854 15.46090
 [ reached getOption("max.print") -- omitted 4957 rows ]

$Ensemble
                                             E23-0274 E23-0273 E23-0272 E23-0271 E23-0270 E23-0269 E23-0268 E23-0266 E23-0265
A0A1W2PNV4                                   18.74230 18.65927 18.61420 19.05818 18.87100 18.99939 18.84951 18.31504 19.12694
A0A1W2PRB8                                   16.20942 16.29849 16.48041 16.28588 16.36649 16.38365 16.39582 16.08137 16.42839
AAAS                                         15.34990 15.84045 15.57893 15.65368 15.30929 15.56783 15.53172 15.10575 15.51833
AAK1                                         16.67926 16.62569 16.90761 16.51193 16.70101 16.59111 16.70244 16.66561 16.68638
AAMDC                                        15.00285 14.70385 14.92542 14.69574 14.96399 14.83433 14.81306 15.08288 14.85371
AAMP                                         15.62216 15.14132 15.16308 15.56430 15.16233 15.48709 15.33229 15.73285 15.25570
AARS1                                        18.89842 18.53464 18.68840 19.12837 18.72551 18.97763 18.96361 18.62691 19.15166
AARS2                                        16.05936 16.59184 16.21570 16.15976 16.03020 16.15156 16.02158 15.95816 15.97208
AASDHPPT                                     15.51906 14.96271 15.07897 15.37141 15.21314 15.44728 15.23598 14.98259 15.39322
AASS                                         14.82581 15.54899 15.55767 15.85344 15.33742 15.93319 16.10935 15.11959 15.10435
AATF                                         14.91024 14.50271 14.45162 14.61185 14.97514 14.78086 14.62905 14.54061 14.33962
ABCB10                                       15.45514 16.31706 15.46385 16.10503 15.33574 15.69003 15.57103 15.30561 15.64933
                                             E23-0263 E23-0262 E23-0261 E23-0278 E23-0260  E23-0259 E23-0258 E23-0257 E23-0256
A0A1W2PNV4                                   18.98214 18.70881 18.87702 19.05201 19.05764 18.919390 18.79273 18.51572 18.57436
A0A1W2PRB8                                   16.40422 16.01579 16.31521 16.38443 16.61917 16.485717 16.37819 16.13021 16.48018
AAAS                                         15.57142 15.27207 15.70773 15.37417 15.55658 15.439111 15.73903 15.66745 15.55579
AAK1                                         16.94242 16.74375 16.47829 16.66511 16.58584 17.175895 16.53047 16.71083 16.70544
AAMDC                                        14.90189 15.20463 14.48149 14.42545 15.02913 14.562724 14.71943 15.24903 14.79298
AAMP                                         15.54934 15.70991 15.14151 15.23981 15.54429 15.516953 15.50448 15.59178 15.04100
AARS1                                        19.23238 18.96098 18.96067 18.88946 18.92657 18.859839 19.06611 18.74349 18.57009
AARS2                                        16.05528 16.28516 16.08532 16.10261 16.28246 16.042093 16.07052 16.61634 15.93781
AASDHPPT                                     15.40858 15.46683 15.12838 15.17349 15.34032 15.313947 15.47825 15.38468 15.11668
AASS                                         15.48122 15.23481 16.02702 15.67790 15.74949 15.600397 15.12692 15.28045 16.01085
AATF                                         14.82254 14.85172 14.37451 14.66080 14.57263 14.491137 14.62559 15.02881 14.52163
ABCB10                                       15.70116 15.65875 15.49096 15.93849 16.08881 15.516676 16.04945 15.62872 15.79083
                                              E23-0255 E23-0254  E23-0253 E23-0277  E23-0252 E23-0251 E23-0250 E23-0267
A0A1W2PNV4                                   19.103676 19.15726 18.772849 18.85897 18.882288 18.82113 18.91532 18.89081
A0A1W2PRB8                                   16.636405 16.59192 16.099956 16.22555 16.519338 16.29894 16.22504 16.14669
AAAS                                         15.595777 15.49302 15.412463 15.70402 15.514936 15.73524 15.58401 15.69143
AAK1                                         16.539316 16.45700 16.904265 16.82925 16.713461 16.78015 16.50373 16.68897
AAMDC                                        14.808601 15.29241 15.084909 14.84771 14.779056 14.83389 14.63761 14.85315
AAMP                                         15.447756 15.42793 15.594883 15.22562 15.749828 15.21070 15.39715 15.37684
AARS1                                        19.070735 19.16974 18.726410 18.59118 19.259248 18.80602 18.72774 18.89909
AARS2                                        16.072251 16.05719 16.335576 16.13913 15.812361 16.08544 16.19583 16.18900
AASDHPPT                                     15.272851 15.27344 15.348600 15.36259 15.555775 15.02344 15.26796 15.42705
AASS                                         15.323503 15.20324 15.322216 14.90297 15.308943 15.31019 16.09052 15.21829
AATF                                         14.449933 14.41028 14.731236 14.81469 14.500023 14.65736 14.84338 14.72499
ABCB10                                       15.866380 15.76968 15.438695 15.83499 15.398692 15.74752 16.22116 16.19730
                                             E23-0249 E23-0248 E23-0247 E23-0246  E23-0245  E23-0244 E23-0243 E23-0241 E23-0237
A0A1W2PNV4                                   18.70684 18.62717 18.70250 18.61079 18.772813 18.789385 19.11610 18.77580 18.86056
A0A1W2PRB8                                   16.48177 16.17348 16.33068 16.43590 16.216352 16.400545 16.56784 16.17447 16.53066
AAAS                                         15.59333 15.55521 15.63849 15.80209 15.622556 15.687570 15.35914 15.36799 15.51929
AAK1                                         16.60418 16.83734 16.48596 16.79512 16.747442 16.621800 16.80665 16.55932 16.92392
AAMDC                                        14.40160 14.70788 15.00873 14.50985 15.014547 14.598575 15.00735 14.73045 15.17401
AAMP                                         15.20418 15.18004 15.26091 15.13992 15.468195 15.247503 15.37346 15.90657 15.43949
AARS1                                        18.84841 19.09710 18.91184 18.58760 18.862929 18.672599 19.14144 18.87561 19.12347
AARS2                                        15.91847 16.20088 16.31609 16.40451 16.101462 16.386657 15.89697 16.27290 15.82992
AASDHPPT                                     15.25961 15.20284 15.22707 15.12121 15.235020 15.156544 15.37617 15.12985 15.39422
AASS                                         15.82059 15.35896 15.10709 16.15163 15.238400 15.885681 15.55687 15.09558 15.38837
AATF                                         14.68953 14.46366 14.46292 14.86519 14.641888 14.534175 14.58831 14.89205 14.32327
ABCB10                                       15.56368 15.86074 15.53339 15.37273 15.587172 15.851482 15.25423 15.21380 15.52191
                                             E23-0235 E23-0234 E23-0233 E23-0232 E23-0231 E23-0230 E23-0229  E23-0228 E23-0226
A0A1W2PNV4                                   18.87685 18.77178 19.13450 18.88658 18.72134 18.90188 18.48355 19.036361 18.78752
A0A1W2PRB8                                   16.42057 16.19365 16.30580 16.48585 16.07045 16.37979 16.29431 16.446778 16.31695
AAAS                                         15.43897 15.62765 15.39197 15.71479 15.81794 15.56013 15.89285 15.427807 15.67624
AAK1                                         16.55066 16.53244 17.04121 16.82900 16.55215 16.75413 16.58014 16.800550 16.55615
AAMDC                                        14.91838 14.91050 14.88290 14.88843 14.94716 14.74787 14.36166 14.922214 14.58228
AAMP                                         15.29766 15.45791 15.40301 15.18874 15.23609 15.46695 15.35269 15.768164 15.03211
AARS1                                        19.16232 18.90768 18.86574 19.02811 18.79352 18.88915 18.58930 18.957586 18.63978
AARS2                                        16.06146 15.98388 16.27173 16.12790 16.38367 15.98633 16.39613 15.981332 16.18262
AASDHPPT                                     15.38990 15.44897 15.20960 15.37210 15.18680 15.45638 14.97906 15.417560 15.12489
AASS                                         15.59372 15.54235 15.20403 15.27489 15.21712 15.44827 16.18589 15.113395 16.17474
AATF                                         14.53593 14.59986 14.33328 14.51207 14.77744 14.54140 14.87615 14.773212 14.67500
ABCB10                                       15.71307 15.96559 15.38738 15.33884 15.99851 15.98539 15.73595 15.402259 16.13046
                                             E23-0276 E23-0224 E23-0223 E23-0222 E23-0275 E23-0221 E23-0220 E23-0219  E23-0218
A0A1W2PNV4                                   18.71025 18.77493 18.90540 18.96772 18.65594 18.79561 19.07283 19.08733 18.908333
A0A1W2PRB8                                   16.65235 16.49333 16.35972 16.26589 16.16433 16.38275 16.41053 16.52385 16.396044
AAAS                                         15.44580 15.53993 15.48872 15.64210 15.75254 15.82966 15.53076 15.32324 15.352731
AAK1                                         16.75345 16.41520 16.81053 16.61981 16.44511 17.06572 16.94224 16.47805 16.932680
AAMDC                                        15.15009 14.81828 14.92822 14.80143 14.74417 14.85036 14.93539 14.79364 14.976145
AAMP                                         15.61636 15.60234 15.43832 15.61423 15.64108 15.62404 15.25446 15.52520 15.448181
AARS1                                        19.11121 18.94693 19.38117 19.04784 19.02735 19.04894 19.16002 19.05898 18.965204
AARS2                                        16.00834 16.31520 15.89658 15.89163 16.25193 16.21925 16.18811 15.88991 15.680818
AASDHPPT                                     15.54699 15.48957 15.44980 15.77646 15.14973 15.28605 15.46629 15.36942 15.400633
AASS                                         15.71149 15.33666 15.03251 15.82849 15.51855 15.09373 15.34920 15.27510 15.369528
AATF                                         14.27421 14.78007 14.59808 14.71032 14.65872 14.65781 14.64631 14.71927 14.225200
ABCB10                                       15.41770 15.86908 15.30777 15.62043 15.70701 15.80214 15.41935 15.28654 16.104264
                                             E23-0217 E23-0216 E23-0215 E23-0214 E23-0213 E23-0212 E23-0211 E23-0210 E23-0209
A0A1W2PNV4                                   18.85932 19.04988 18.48819 18.70747 18.51087 18.68357 18.82778 18.47512 18.96104
A0A1W2PRB8                                   16.07943 16.52488 16.23575 16.08121 16.19950 16.26276 16.47661 16.25134 16.17165
AAAS                                         15.52004 15.87936 15.70539 15.46330 15.68049 15.39228 15.67608 15.76025 15.56908
AAK1                                         16.55869 16.57664 16.65880 16.67744 16.65090 16.62021 16.64280 16.87308 16.52192
AAMDC                                        14.85326 14.39309 14.68792 14.81422 14.69273 14.92033 15.12016 14.69929 14.87249
AAMP                                         15.25763 15.30096 15.25012 15.52826 15.34989 15.42743 15.52435 15.63502 15.44440
AARS1                                        18.81891 18.75236 18.63033 18.82105 18.52580 18.73844 18.80544 18.96072 18.91543
AARS2                                        16.40416 16.21805 16.28342 16.20854 16.32306 16.04354 16.06823 16.49471 16.19787
AASDHPPT                                     15.17515 15.06422 15.12675 15.27878 15.11844 15.02753 15.39845 15.04773 15.38875
AASS                                         15.26521 14.75390 15.71963 15.73258 15.68423 15.40975 15.42394 16.01704 15.08593
AATF                                         14.77290 14.72352 14.65400 14.62031 14.62506 14.82447 14.27741 14.68616 14.63164
ABCB10                                       15.53627 15.87339 16.02108 15.85463 15.90005 15.94184 15.92122 15.81743 15.79302
                                             E23-0208 E23-0207 E23-0264 E23-0206  E23-0205 E23-0204 E23-0203 E23-0202 E23-0201
A0A1W2PNV4                                   18.85113 18.58752 18.82468 19.14115 18.497452 19.00130 18.52416 18.88607 18.85217
A0A1W2PRB8                                   16.45513 16.24081 16.42609 16.55793 16.204578 16.46097 16.24519 16.40172 16.25509
AAAS                                         15.56753 15.79417 15.52817 15.55126 15.171455 15.42550 15.64163 15.68940 15.70119
AAK1                                         16.57882 16.65340 16.59856 16.57825 16.682960 16.73774 16.75723 16.55177 16.52077
AAMDC                                        14.71205 14.88224 14.79915 14.77538 14.949436 14.85254 14.82253 14.75426 14.59669
AAMP                                         15.47112 14.95636 15.58448 15.38456 15.734706 15.38530 15.62292 15.31817 15.21949
AARS1                                        18.94399 18.49826 19.07636 18.86924 19.099574 18.75615 18.84407 18.93576 18.83141
AARS2                                        16.20479 16.45249 16.09736 16.04565 15.949939 15.97488 16.20087 16.44493 16.27597
AASDHPPT                                     15.42815 15.13364 15.41597 15.37360 14.975378 15.27177 15.20119 15.25862 15.17687
AASS                                         15.06920 16.40974 14.99747 15.59590 15.541382 15.55028 15.26804 15.78895 15.77778
AATF                                         14.68352 14.82290 14.63550 14.54703 14.657364 14.72309 14.69359 14.71148 14.64985
ABCB10                                       15.69043 15.83121 15.50296 15.84489 15.270202 15.54227 15.67097 16.09580 15.65987
                                             E23-0200 E23-0199  E23-0198 E23-0197 E23-0196 E23-0195 E23-0194 E23-0193
A0A1W2PNV4                                   18.67342 18.90466 18.548171 18.55311 18.86896 18.44017 19.03953 18.96027
A0A1W2PRB8                                   16.13997 16.30662 16.477220 16.41941 16.14488 16.13259 16.56072 16.25591
AAAS                                         15.69890 15.73073 15.510340 15.53159 15.37424 15.17887 15.44622 15.39894
AAK1                                         16.67633 16.84109 16.512067 16.63062 16.85375 16.77373 16.69359 16.86414
AAMDC                                        14.75670 14.37791 14.713576 14.86538 14.95970 15.33261 14.75391 15.27059
AAMP                                         15.19839 15.44114 15.514457 15.68381 15.56467 15.82641 15.37088 15.43179
AARS1                                        18.64534 18.72133 18.785356 18.95485 19.11652 18.84011 18.97241 19.41860
AARS2                                        16.37658 16.21553 16.262483 16.23781 16.34010 15.88046 15.98317 15.87751
AASDHPPT                                     15.17726 15.14410 15.233270 15.20956 15.28923 15.03256 15.32373 15.44312
AASS                                         15.92343 14.94003 15.719549 16.21311 15.31912 15.16959 15.10348 15.17765
AATF                                         14.76970 14.39987 14.530105 14.62420 14.78639 14.65681 14.49282 14.32058
ABCB10                                       15.83066 15.76975 16.355972 15.86427 15.78963 15.45605 16.11854 15.46090
 [ reached getOption("max.print") -- omitted 4957 rows ]

$Ensemble
                                             E23-0274 E23-0273 E23-0272 E23-0271 E23-0270 E23-0269 E23-0268 E23-0266 E23-0265
A0A1W2PNV4                                   18.74230 18.65927 18.61420 19.05818 18.87100 18.99939 18.84951 18.31504 19.12694
A0A1W2PRB8                                   16.20942 16.29849 16.48041 16.28588 16.36649 16.38365 16.39582 16.08137 16.42839
AAAS                                         15.34990 15.84045 15.57893 15.65368 15.30929 15.56783 15.53172 15.10575 15.51833
AAK1                                         16.67926 16.62569 16.90761 16.51193 16.70101 16.59111 16.70244 16.66561 16.68638
AAMDC                                        15.00285 14.70385 14.92542 14.69574 14.96399 14.83433 14.81306 15.08288 14.85371
AAMP                                         15.62216 15.14132 15.16308 15.56430 15.16233 15.48709 15.33229 15.73285 15.25570
AARS1                                        18.89842 18.53464 18.68840 19.12837 18.72551 18.97763 18.96361 18.62691 19.15166
AARS2                                        16.05936 16.59184 16.21570 16.15976 16.03020 16.15156 16.02158 15.95816 15.97208
AASDHPPT                                     15.51906 14.96271 15.07897 15.37141 15.21314 15.44728 15.23598 14.98259 15.39322
AASS                                         14.82581 15.54899 15.55767 15.85344 15.33742 15.93319 16.10935 15.11959 15.10435
AATF                                         14.91024 14.50271 14.45162 14.61185 14.97514 14.78086 14.62905 14.54061 14.33962
ABCB10                                       15.45514 16.31706 15.46385 16.10503 15.33574 15.69003 15.57103 15.30561 15.64933
                                             E23-0263 E23-0262 E23-0261 E23-0278 E23-0260  E23-0259 E23-0258 E23-0257 E23-0256
A0A1W2PNV4                                   18.98214 18.70881 18.87702 19.05201 19.05764 18.919390 18.79273 18.51572 18.57436
A0A1W2PRB8                                   16.40422 16.01579 16.31521 16.38443 16.61917 16.485717 16.37819 16.13021 16.48018
AAAS                                         15.57142 15.27207 15.70773 15.37417 15.55658 15.439111 15.73903 15.66745 15.55579
AAK1                                         16.94242 16.74375 16.47829 16.66511 16.58584 17.175895 16.53047 16.71083 16.70544
AAMDC                                        14.90189 15.20463 14.48149 14.42545 15.02913 14.562724 14.71943 15.24903 14.79298
AAMP                                         15.54934 15.70991 15.14151 15.23981 15.54429 15.516953 15.50448 15.59178 15.04100
AARS1                                        19.23238 18.96098 18.96067 18.88946 18.92657 18.859839 19.06611 18.74349 18.57009
AARS2                                        16.05528 16.28516 16.08532 16.10261 16.28246 16.042093 16.07052 16.61634 15.93781
AASDHPPT                                     15.40858 15.46683 15.12838 15.17349 15.34032 15.313947 15.47825 15.38468 15.11668
AASS                                         15.48122 15.23481 16.02702 15.67790 15.74949 15.600397 15.12692 15.28045 16.01085
AATF                                         14.82254 14.85172 14.37451 14.66080 14.57263 14.491137 14.62559 15.02881 14.52163
ABCB10                                       15.70116 15.65875 15.49096 15.93849 16.08881 15.516676 16.04945 15.62872 15.79083
                                              E23-0255 E23-0254  E23-0253 E23-0277  E23-0252 E23-0251 E23-0250 E23-0267
A0A1W2PNV4                                   19.103676 19.15726 18.772849 18.85897 18.882288 18.82113 18.91532 18.89081
A0A1W2PRB8                                   16.636405 16.59192 16.099956 16.22555 16.519338 16.29894 16.22504 16.14669
AAAS                                         15.595777 15.49302 15.412463 15.70402 15.514936 15.73524 15.58401 15.69143
AAK1                                         16.539316 16.45700 16.904265 16.82925 16.713461 16.78015 16.50373 16.68897
AAMDC                                        14.808601 15.29241 15.084909 14.84771 14.779056 14.83389 14.63761 14.85315
AAMP                                         15.447756 15.42793 15.594883 15.22562 15.749828 15.21070 15.39715 15.37684
AARS1                                        19.070735 19.16974 18.726410 18.59118 19.259248 18.80602 18.72774 18.89909
AARS2                                        16.072251 16.05719 16.335576 16.13913 15.812361 16.08544 16.19583 16.18900
AASDHPPT                                     15.272851 15.27344 15.348600 15.36259 15.555775 15.02344 15.26796 15.42705
AASS                                         15.323503 15.20324 15.322216 14.90297 15.308943 15.31019 16.09052 15.21829
AATF                                         14.449933 14.41028 14.731236 14.81469 14.500023 14.65736 14.84338 14.72499
ABCB10                                       15.866380 15.76968 15.438695 15.83499 15.398692 15.74752 16.22116 16.19730
                                             E23-0249 E23-0248 E23-0247 E23-0246  E23-0245  E23-0244 E23-0243 E23-0241 E23-0237
A0A1W2PNV4                                   18.70684 18.62717 18.70250 18.61079 18.772813 18.789385 19.11610 18.77580 18.86056
A0A1W2PRB8                                   16.48177 16.17348 16.33068 16.43590 16.216352 16.400545 16.56784 16.17447 16.53066
AAAS                                         15.59333 15.55521 15.63849 15.80209 15.622556 15.687570 15.35914 15.36799 15.51929
AAK1                                         16.60418 16.83734 16.48596 16.79512 16.747442 16.621800 16.80665 16.55932 16.92392
AAMDC                                        14.40160 14.70788 15.00873 14.50985 15.014547 14.598575 15.00735 14.73045 15.17401
AAMP                                         15.20418 15.18004 15.26091 15.13992 15.468195 15.247503 15.37346 15.90657 15.43949
AARS1                                        18.84841 19.09710 18.91184 18.58760 18.862929 18.672599 19.14144 18.87561 19.12347
AARS2                                        15.91847 16.20088 16.31609 16.40451 16.101462 16.386657 15.89697 16.27290 15.82992
AASDHPPT                                     15.25961 15.20284 15.22707 15.12121 15.235020 15.156544 15.37617 15.12985 15.39422
AASS                                         15.82059 15.35896 15.10709 16.15163 15.238400 15.885681 15.55687 15.09558 15.38837
AATF                                         14.68953 14.46366 14.46292 14.86519 14.641888 14.534175 14.58831 14.89205 14.32327
ABCB10                                       15.56368 15.86074 15.53339 15.37273 15.587172 15.851482 15.25423 15.21380 15.52191
                                             E23-0235 E23-0234 E23-0233 E23-0232 E23-0231 E23-0230 E23-0229  E23-0228 E23-0226
A0A1W2PNV4                                   18.87685 18.77178 19.13450 18.88658 18.72134 18.90188 18.48355 19.036361 18.78752
A0A1W2PRB8                                   16.42057 16.19365 16.30580 16.48585 16.07045 16.37979 16.29431 16.446778 16.31695
AAAS                                         15.43897 15.62765 15.39197 15.71479 15.81794 15.56013 15.89285 15.427807 15.67624
AAK1                                         16.55066 16.53244 17.04121 16.82900 16.55215 16.75413 16.58014 16.800550 16.55615
AAMDC                                        14.91838 14.91050 14.88290 14.88843 14.94716 14.74787 14.36166 14.922214 14.58228
AAMP                                         15.29766 15.45791 15.40301 15.18874 15.23609 15.46695 15.35269 15.768164 15.03211
AARS1                                        19.16232 18.90768 18.86574 19.02811 18.79352 18.88915 18.58930 18.957586 18.63978
AARS2                                        16.06146 15.98388 16.27173 16.12790 16.38367 15.98633 16.39613 15.981332 16.18262
AASDHPPT                                     15.38990 15.44897 15.20960 15.37210 15.18680 15.45638 14.97906 15.417560 15.12489
AASS                                         15.59372 15.54235 15.20403 15.27489 15.21712 15.44827 16.18589 15.113395 16.17474
AATF                                         14.53593 14.59986 14.33328 14.51207 14.77744 14.54140 14.87615 14.773212 14.67500
ABCB10                                       15.71307 15.96559 15.38738 15.33884 15.99851 15.98539 15.73595 15.402259 16.13046
                                             E23-0276 E23-0224 E23-0223 E23-0222 E23-0275 E23-0221 E23-0220 E23-0219  E23-0218
A0A1W2PNV4                                   18.71025 18.77493 18.90540 18.96772 18.65594 18.79561 19.07283 19.08733 18.908333
A0A1W2PRB8                                   16.65235 16.49333 16.35972 16.26589 16.16433 16.38275 16.41053 16.52385 16.396044
AAAS                                         15.44580 15.53993 15.48872 15.64210 15.75254 15.82966 15.53076 15.32324 15.352731
AAK1                                         16.75345 16.41520 16.81053 16.61981 16.44511 17.06572 16.94224 16.47805 16.932680
AAMDC                                        15.15009 14.81828 14.92822 14.80143 14.74417 14.85036 14.93539 14.79364 14.976145
AAMP                                         15.61636 15.60234 15.43832 15.61423 15.64108 15.62404 15.25446 15.52520 15.448181
AARS1                                        19.11121 18.94693 19.38117 19.04784 19.02735 19.04894 19.16002 19.05898 18.965204
AARS2                                        16.00834 16.31520 15.89658 15.89163 16.25193 16.21925 16.18811 15.88991 15.680818
AASDHPPT                                     15.54699 15.48957 15.44980 15.77646 15.14973 15.28605 15.46629 15.36942 15.400633
AASS                                         15.71149 15.33666 15.03251 15.82849 15.51855 15.09373 15.34920 15.27510 15.369528
AATF                                         14.27421 14.78007 14.59808 14.71032 14.65872 14.65781 14.64631 14.71927 14.225200
ABCB10                                       15.41770 15.86908 15.30777 15.62043 15.70701 15.80214 15.41935 15.28654 16.104264
                                             E23-0217 E23-0216 E23-0215 E23-0214 E23-0213 E23-0212 E23-0211 E23-0210 E23-0209
A0A1W2PNV4                                   18.85932 19.04988 18.48819 18.70747 18.51087 18.68357 18.82778 18.47512 18.96104
A0A1W2PRB8                                   16.07943 16.52488 16.23575 16.08121 16.19950 16.26276 16.47661 16.25134 16.17165
AAAS                                         15.52004 15.87936 15.70539 15.46330 15.68049 15.39228 15.67608 15.76025 15.56908
AAK1                                         16.55869 16.57664 16.65880 16.67744 16.65090 16.62021 16.64280 16.87308 16.52192
AAMDC                                        14.85326 14.39309 14.68792 14.81422 14.69273 14.92033 15.12016 14.69929 14.87249
AAMP                                         15.25763 15.30096 15.25012 15.52826 15.34989 15.42743 15.52435 15.63502 15.44440
AARS1                                        18.81891 18.75236 18.63033 18.82105 18.52580 18.73844 18.80544 18.96072 18.91543
AARS2                                        16.40416 16.21805 16.28342 16.20854 16.32306 16.04354 16.06823 16.49471 16.19787
AASDHPPT                                     15.17515 15.06422 15.12675 15.27878 15.11844 15.02753 15.39845 15.04773 15.38875
AASS                                         15.26521 14.75390 15.71963 15.73258 15.68423 15.40975 15.42394 16.01704 15.08593
AATF                                         14.77290 14.72352 14.65400 14.62031 14.62506 14.82447 14.27741 14.68616 14.63164
ABCB10                                       15.53627 15.87339 16.02108 15.85463 15.90005 15.94184 15.92122 15.81743 15.79302
                                             E23-0208 E23-0207 E23-0264 E23-0206  E23-0205 E23-0204 E23-0203 E23-0202 E23-0201
A0A1W2PNV4                                   18.85113 18.58752 18.82468 19.14115 18.497452 19.00130 18.52416 18.88607 18.85217
A0A1W2PRB8                                   16.45513 16.24081 16.42609 16.55793 16.204578 16.46097 16.24519 16.40172 16.25509
AAAS                                         15.56753 15.79417 15.52817 15.55126 15.171455 15.42550 15.64163 15.68940 15.70119
AAK1                                         16.57882 16.65340 16.59856 16.57825 16.682960 16.73774 16.75723 16.55177 16.52077
AAMDC                                        14.71205 14.88224 14.79915 14.77538 14.949436 14.85254 14.82253 14.75426 14.59669
AAMP                                         15.47112 14.95636 15.58448 15.38456 15.734706 15.38530 15.62292 15.31817 15.21949
AARS1                                        18.94399 18.49826 19.07636 18.86924 19.099574 18.75615 18.84407 18.93576 18.83141
AARS2                                        16.20479 16.45249 16.09736 16.04565 15.949939 15.97488 16.20087 16.44493 16.27597
AASDHPPT                                     15.42815 15.13364 15.41597 15.37360 14.975378 15.27177 15.20119 15.25862 15.17687
AASS                                         15.06920 16.40974 14.99747 15.59590 15.541382 15.55028 15.26804 15.78895 15.77778
AATF                                         14.68352 14.82290 14.63550 14.54703 14.657364 14.72309 14.69359 14.71148 14.64985
ABCB10                                       15.69043 15.83121 15.50296 15.84489 15.270202 15.54227 15.67097 16.09580 15.65987
                                             E23-0200 E23-0199  E23-0198 E23-0197 E23-0196 E23-0195 E23-0194 E23-0193
A0A1W2PNV4                                   18.67342 18.90466 18.548171 18.55311 18.86896 18.44017 19.03953 18.96027
A0A1W2PRB8                                   16.13997 16.30662 16.477220 16.41941 16.14488 16.13259 16.56072 16.25591
AAAS                                         15.69890 15.73073 15.510340 15.53159 15.37424 15.17887 15.44622 15.39894
AAK1                                         16.67633 16.84109 16.512067 16.63062 16.85375 16.77373 16.69359 16.86414
AAMDC                                        14.75670 14.37791 14.713576 14.86538 14.95970 15.33261 14.75391 15.27059
AAMP                                         15.19839 15.44114 15.514457 15.68381 15.56467 15.82641 15.37088 15.43179
AARS1                                        18.64534 18.72133 18.785356 18.95485 19.11652 18.84011 18.97241 19.41860
AARS2                                        16.37658 16.21553 16.262483 16.23781 16.34010 15.88046 15.98317 15.87751
AASDHPPT                                     15.17726 15.14410 15.233270 15.20956 15.28923 15.03256 15.32373 15.44312
AASS                                         15.92343 14.94003 15.719549 16.21311 15.31912 15.16959 15.10348 15.17765
AATF                                         14.76970 14.39987 14.530105 14.62420 14.78639 14.65681 14.49282 14.32058
ABCB10                                       15.83066 15.76975 16.355972 15.86427 15.78963 15.45605 16.11854 15.46090
 [ reached getOption("max.print") -- omitted 4957 rows ]

$Ensemble
                                             E23-0274 E23-0273 E23-0272 E23-0271 E23-0270 E23-0269 E23-0268 E23-0266 E23-0265
A0A1W2PNV4                                   18.74230 18.65927 18.61420 19.05818 18.87100 18.99939 18.84951 18.31504 19.12694
A0A1W2PRB8                                   16.20942 16.29849 16.48041 16.28588 16.36649 16.38365 16.39582 16.08137 16.42839
AAAS                                         15.34990 15.84045 15.57893 15.65368 15.30929 15.56783 15.53172 15.10575 15.51833
AAK1                                         16.67926 16.62569 16.90761 16.51193 16.70101 16.59111 16.70244 16.66561 16.68638
AAMDC                                        15.00285 14.70385 14.92542 14.69574 14.96399 14.83433 14.81306 15.08288 14.85371
AAMP                                         15.62216 15.14132 15.16308 15.56430 15.16233 15.48709 15.33229 15.73285 15.25570
AARS1                                        18.89842 18.53464 18.68840 19.12837 18.72551 18.97763 18.96361 18.62691 19.15166
AARS2                                        16.05936 16.59184 16.21570 16.15976 16.03020 16.15156 16.02158 15.95816 15.97208
AASDHPPT                                     15.51906 14.96271 15.07897 15.37141 15.21314 15.44728 15.23598 14.98259 15.39322
AASS                                         14.82581 15.54899 15.55767 15.85344 15.33742 15.93319 16.10935 15.11959 15.10435
AATF                                         14.91024 14.50271 14.45162 14.61185 14.97514 14.78086 14.62905 14.54061 14.33962
ABCB10                                       15.45514 16.31706 15.46385 16.10503 15.33574 15.69003 15.57103 15.30561 15.64933
                                             E23-0263 E23-0262 E23-0261 E23-0278 E23-0260  E23-0259 E23-0258 E23-0257 E23-0256
A0A1W2PNV4                                   18.98214 18.70881 18.87702 19.05201 19.05764 18.919390 18.79273 18.51572 18.57436
A0A1W2PRB8                                   16.40422 16.01579 16.31521 16.38443 16.61917 16.485717 16.37819 16.13021 16.48018
AAAS                                         15.57142 15.27207 15.70773 15.37417 15.55658 15.439111 15.73903 15.66745 15.55579
AAK1                                         16.94242 16.74375 16.47829 16.66511 16.58584 17.175895 16.53047 16.71083 16.70544
AAMDC                                        14.90189 15.20463 14.48149 14.42545 15.02913 14.562724 14.71943 15.24903 14.79298
AAMP                                         15.54934 15.70991 15.14151 15.23981 15.54429 15.516953 15.50448 15.59178 15.04100
AARS1                                        19.23238 18.96098 18.96067 18.88946 18.92657 18.859839 19.06611 18.74349 18.57009
AARS2                                        16.05528 16.28516 16.08532 16.10261 16.28246 16.042093 16.07052 16.61634 15.93781
AASDHPPT                                     15.40858 15.46683 15.12838 15.17349 15.34032 15.313947 15.47825 15.38468 15.11668
AASS                                         15.48122 15.23481 16.02702 15.67790 15.74949 15.600397 15.12692 15.28045 16.01085
AATF                                         14.82254 14.85172 14.37451 14.66080 14.57263 14.491137 14.62559 15.02881 14.52163
ABCB10                                       15.70116 15.65875 15.49096 15.93849 16.08881 15.516676 16.04945 15.62872 15.79083
                                              E23-0255 E23-0254  E23-0253 E23-0277  E23-0252 E23-0251 E23-0250 E23-0267
A0A1W2PNV4                                   19.103676 19.15726 18.772849 18.85897 18.882288 18.82113 18.91532 18.89081
A0A1W2PRB8                                   16.636405 16.59192 16.099956 16.22555 16.519338 16.29894 16.22504 16.14669
AAAS                                         15.595777 15.49302 15.412463 15.70402 15.514936 15.73524 15.58401 15.69143
AAK1                                         16.539316 16.45700 16.904265 16.82925 16.713461 16.78015 16.50373 16.68897
AAMDC                                        14.808601 15.29241 15.084909 14.84771 14.779056 14.83389 14.63761 14.85315
AAMP                                         15.447756 15.42793 15.594883 15.22562 15.749828 15.21070 15.39715 15.37684
AARS1                                        19.070735 19.16974 18.726410 18.59118 19.259248 18.80602 18.72774 18.89909
AARS2                                        16.072251 16.05719 16.335576 16.13913 15.812361 16.08544 16.19583 16.18900
AASDHPPT                                     15.272851 15.27344 15.348600 15.36259 15.555775 15.02344 15.26796 15.42705
AASS                                         15.323503 15.20324 15.322216 14.90297 15.308943 15.31019 16.09052 15.21829
AATF                                         14.449933 14.41028 14.731236 14.81469 14.500023 14.65736 14.84338 14.72499
ABCB10                                       15.866380 15.76968 15.438695 15.83499 15.398692 15.74752 16.22116 16.19730
                                             E23-0249 E23-0248 E23-0247 E23-0246  E23-0245  E23-0244 E23-0243 E23-0241 E23-0237
A0A1W2PNV4                                   18.70684 18.62717 18.70250 18.61079 18.772813 18.789385 19.11610 18.77580 18.86056
A0A1W2PRB8                                   16.48177 16.17348 16.33068 16.43590 16.216352 16.400545 16.56784 16.17447 16.53066
AAAS                                         15.59333 15.55521 15.63849 15.80209 15.622556 15.687570 15.35914 15.36799 15.51929
AAK1                                         16.60418 16.83734 16.48596 16.79512 16.747442 16.621800 16.80665 16.55932 16.92392
AAMDC                                        14.40160 14.70788 15.00873 14.50985 15.014547 14.598575 15.00735 14.73045 15.17401
AAMP                                         15.20418 15.18004 15.26091 15.13992 15.468195 15.247503 15.37346 15.90657 15.43949
AARS1                                        18.84841 19.09710 18.91184 18.58760 18.862929 18.672599 19.14144 18.87561 19.12347
AARS2                                        15.91847 16.20088 16.31609 16.40451 16.101462 16.386657 15.89697 16.27290 15.82992
AASDHPPT                                     15.25961 15.20284 15.22707 15.12121 15.235020 15.156544 15.37617 15.12985 15.39422
AASS                                         15.82059 15.35896 15.10709 16.15163 15.238400 15.885681 15.55687 15.09558 15.38837
AATF                                         14.68953 14.46366 14.46292 14.86519 14.641888 14.534175 14.58831 14.89205 14.32327
ABCB10                                       15.56368 15.86074 15.53339 15.37273 15.587172 15.851482 15.25423 15.21380 15.52191
                                             E23-0235 E23-0234 E23-0233 E23-0232 E23-0231 E23-0230 E23-0229  E23-0228 E23-0226
A0A1W2PNV4                                   18.87685 18.77178 19.13450 18.88658 18.72134 18.90188 18.48355 19.036361 18.78752
A0A1W2PRB8                                   16.42057 16.19365 16.30580 16.48585 16.07045 16.37979 16.29431 16.446778 16.31695
AAAS                                         15.43897 15.62765 15.39197 15.71479 15.81794 15.56013 15.89285 15.427807 15.67624
AAK1                                         16.55066 16.53244 17.04121 16.82900 16.55215 16.75413 16.58014 16.800550 16.55615
AAMDC                                        14.91838 14.91050 14.88290 14.88843 14.94716 14.74787 14.36166 14.922214 14.58228
AAMP                                         15.29766 15.45791 15.40301 15.18874 15.23609 15.46695 15.35269 15.768164 15.03211
AARS1                                        19.16232 18.90768 18.86574 19.02811 18.79352 18.88915 18.58930 18.957586 18.63978
AARS2                                        16.06146 15.98388 16.27173 16.12790 16.38367 15.98633 16.39613 15.981332 16.18262
AASDHPPT                                     15.38990 15.44897 15.20960 15.37210 15.18680 15.45638 14.97906 15.417560 15.12489
AASS                                         15.59372 15.54235 15.20403 15.27489 15.21712 15.44827 16.18589 15.113395 16.17474
AATF                                         14.53593 14.59986 14.33328 14.51207 14.77744 14.54140 14.87615 14.773212 14.67500
ABCB10                                       15.71307 15.96559 15.38738 15.33884 15.99851 15.98539 15.73595 15.402259 16.13046
                                             E23-0276 E23-0224 E23-0223 E23-0222 E23-0275 E23-0221 E23-0220 E23-0219  E23-0218
A0A1W2PNV4                                   18.71025 18.77493 18.90540 18.96772 18.65594 18.79561 19.07283 19.08733 18.908333
A0A1W2PRB8                                   16.65235 16.49333 16.35972 16.26589 16.16433 16.38275 16.41053 16.52385 16.396044
AAAS                                         15.44580 15.53993 15.48872 15.64210 15.75254 15.82966 15.53076 15.32324 15.352731
AAK1                                         16.75345 16.41520 16.81053 16.61981 16.44511 17.06572 16.94224 16.47805 16.932680
AAMDC                                        15.15009 14.81828 14.92822 14.80143 14.74417 14.85036 14.93539 14.79364 14.976145
AAMP                                         15.61636 15.60234 15.43832 15.61423 15.64108 15.62404 15.25446 15.52520 15.448181
AARS1                                        19.11121 18.94693 19.38117 19.04784 19.02735 19.04894 19.16002 19.05898 18.965204
AARS2                                        16.00834 16.31520 15.89658 15.89163 16.25193 16.21925 16.18811 15.88991 15.680818
AASDHPPT                                     15.54699 15.48957 15.44980 15.77646 15.14973 15.28605 15.46629 15.36942 15.400633
AASS                                         15.71149 15.33666 15.03251 15.82849 15.51855 15.09373 15.34920 15.27510 15.369528
AATF                                         14.27421 14.78007 14.59808 14.71032 14.65872 14.65781 14.64631 14.71927 14.225200
ABCB10                                       15.41770 15.86908 15.30777 15.62043 15.70701 15.80214 15.41935 15.28654 16.104264
                                             E23-0217 E23-0216 E23-0215 E23-0214 E23-0213 E23-0212 E23-0211 E23-0210 E23-0209
A0A1W2PNV4                                   18.85932 19.04988 18.48819 18.70747 18.51087 18.68357 18.82778 18.47512 18.96104
A0A1W2PRB8                                   16.07943 16.52488 16.23575 16.08121 16.19950 16.26276 16.47661 16.25134 16.17165
AAAS                                         15.52004 15.87936 15.70539 15.46330 15.68049 15.39228 15.67608 15.76025 15.56908
AAK1                                         16.55869 16.57664 16.65880 16.67744 16.65090 16.62021 16.64280 16.87308 16.52192
AAMDC                                        14.85326 14.39309 14.68792 14.81422 14.69273 14.92033 15.12016 14.69929 14.87249
AAMP                                         15.25763 15.30096 15.25012 15.52826 15.34989 15.42743 15.52435 15.63502 15.44440
AARS1                                        18.81891 18.75236 18.63033 18.82105 18.52580 18.73844 18.80544 18.96072 18.91543
AARS2                                        16.40416 16.21805 16.28342 16.20854 16.32306 16.04354 16.06823 16.49471 16.19787
AASDHPPT                                     15.17515 15.06422 15.12675 15.27878 15.11844 15.02753 15.39845 15.04773 15.38875
AASS                                         15.26521 14.75390 15.71963 15.73258 15.68423 15.40975 15.42394 16.01704 15.08593
AATF                                         14.77290 14.72352 14.65400 14.62031 14.62506 14.82447 14.27741 14.68616 14.63164
ABCB10                                       15.53627 15.87339 16.02108 15.85463 15.90005 15.94184 15.92122 15.81743 15.79302
                                             E23-0208 E23-0207 E23-0264 E23-0206  E23-0205 E23-0204 E23-0203 E23-0202 E23-0201
A0A1W2PNV4                                   18.85113 18.58752 18.82468 19.14115 18.497452 19.00130 18.52416 18.88607 18.85217
A0A1W2PRB8                                   16.45513 16.24081 16.42609 16.55793 16.204578 16.46097 16.24519 16.40172 16.25509
AAAS                                         15.56753 15.79417 15.52817 15.55126 15.171455 15.42550 15.64163 15.68940 15.70119
AAK1                                         16.57882 16.65340 16.59856 16.57825 16.682960 16.73774 16.75723 16.55177 16.52077
AAMDC                                        14.71205 14.88224 14.79915 14.77538 14.949436 14.85254 14.82253 14.75426 14.59669
AAMP                                         15.47112 14.95636 15.58448 15.38456 15.734706 15.38530 15.62292 15.31817 15.21949
AARS1                                        18.94399 18.49826 19.07636 18.86924 19.099574 18.75615 18.84407 18.93576 18.83141
AARS2                                        16.20479 16.45249 16.09736 16.04565 15.949939 15.97488 16.20087 16.44493 16.27597
AASDHPPT                                     15.42815 15.13364 15.41597 15.37360 14.975378 15.27177 15.20119 15.25862 15.17687
AASS                                         15.06920 16.40974 14.99747 15.59590 15.541382 15.55028 15.26804 15.78895 15.77778
AATF                                         14.68352 14.82290 14.63550 14.54703 14.657364 14.72309 14.69359 14.71148 14.64985
ABCB10                                       15.69043 15.83121 15.50296 15.84489 15.270202 15.54227 15.67097 16.09580 15.65987
                                             E23-0200 E23-0199  E23-0198 E23-0197 E23-0196 E23-0195 E23-0194 E23-0193
A0A1W2PNV4                                   18.67342 18.90466 18.548171 18.55311 18.86896 18.44017 19.03953 18.96027
A0A1W2PRB8                                   16.13997 16.30662 16.477220 16.41941 16.14488 16.13259 16.56072 16.25591
AAAS                                         15.69890 15.73073 15.510340 15.53159 15.37424 15.17887 15.44622 15.39894
AAK1                                         16.67633 16.84109 16.512067 16.63062 16.85375 16.77373 16.69359 16.86414
AAMDC                                        14.75670 14.37791 14.713576 14.86538 14.95970 15.33261 14.75391 15.27059
AAMP                                         15.19839 15.44114 15.514457 15.68381 15.56467 15.82641 15.37088 15.43179
AARS1                                        18.64534 18.72133 18.785356 18.95485 19.11652 18.84011 18.97241 19.41860
AARS2                                        16.37658 16.21553 16.262483 16.23781 16.34010 15.88046 15.98317 15.87751
AASDHPPT                                     15.17726 15.14410 15.233270 15.20956 15.28923 15.03256 15.32373 15.44312
AASS                                         15.92343 14.94003 15.719549 16.21311 15.31912 15.16959 15.10348 15.17765
AATF                                         14.76970 14.39987 14.530105 14.62420 14.78639 14.65681 14.49282 14.32058
ABCB10                                       15.83066 15.76975 16.355972 15.86427 15.78963 15.45605 16.11854 15.46090
 [ reached getOption("max.print") -- omitted 4957 rows ]

                                             E23-0274 E23-0273 E23-0272 E23-0271 E23-0270 E23-0269 E23-0268 E23-0266 E23-0265
A0A1W2PNV4                                   18.74230 18.65927 18.61420 19.05818 18.87100 18.99939 18.84951 18.31504 19.12694
A0A1W2PRB8                                   16.20942 16.29849 16.48041 16.28588 16.36649 16.38365 16.39582 16.08137 16.42839
AAAS                                         15.34990 15.84045 15.57893 15.65368 15.30929 15.56783 15.53172 15.10575 15.51833
AAK1                                         16.67926 16.62569 16.90761 16.51193 16.70101 16.59111 16.70244 16.66561 16.68638
AAMDC                                        15.00285 14.70385 14.92542 14.69574 14.96399 14.83433 14.81306 15.08288 14.85371
AAMP                                         15.62216 15.14132 15.16308 15.56430 15.16233 15.48709 15.33229 15.73285 15.25570
AARS1                                        18.89842 18.53464 18.68840 19.12837 18.72551 18.97763 18.96361 18.62691 19.15166
AARS2                                        16.05936 16.59184 16.21570 16.15976 16.03020 16.15156 16.02158 15.95816 15.97208
AASDHPPT                                     15.51906 14.96271 15.07897 15.37141 15.21314 15.44728 15.23598 14.98259 15.39322
AASS                                         14.82581 15.54899 15.55767 15.85344 15.33742 15.93319 16.10935 15.11959 15.10435
AATF                                         14.91024 14.50271 14.45162 14.61185 14.97514 14.78086 14.62905 14.54061 14.33962
ABCB10                                       15.45514 16.31706 15.46385 16.10503 15.33574 15.69003 15.57103 15.30561 15.64933
                                             E23-0263 E23-0262 E23-0261 E23-0278 E23-0260  E23-0259 E23-0258 E23-0257 E23-0256
A0A1W2PNV4                                   18.98214 18.70881 18.87702 19.05201 19.05764 18.919390 18.79273 18.51572 18.57436
A0A1W2PRB8                                   16.40422 16.01579 16.31521 16.38443 16.61917 16.485717 16.37819 16.13021 16.48018
AAAS                                         15.57142 15.27207 15.70773 15.37417 15.55658 15.439111 15.73903 15.66745 15.55579
AAK1                                         16.94242 16.74375 16.47829 16.66511 16.58584 17.175895 16.53047 16.71083 16.70544
AAMDC                                        14.90189 15.20463 14.48149 14.42545 15.02913 14.562724 14.71943 15.24903 14.79298
AAMP                                         15.54934 15.70991 15.14151 15.23981 15.54429 15.516953 15.50448 15.59178 15.04100
AARS1                                        19.23238 18.96098 18.96067 18.88946 18.92657 18.859839 19.06611 18.74349 18.57009
AARS2                                        16.05528 16.28516 16.08532 16.10261 16.28246 16.042093 16.07052 16.61634 15.93781
AASDHPPT                                     15.40858 15.46683 15.12838 15.17349 15.34032 15.313947 15.47825 15.38468 15.11668
AASS                                         15.48122 15.23481 16.02702 15.67790 15.74949 15.600397 15.12692 15.28045 16.01085
AATF                                         14.82254 14.85172 14.37451 14.66080 14.57263 14.491137 14.62559 15.02881 14.52163
ABCB10                                       15.70116 15.65875 15.49096 15.93849 16.08881 15.516676 16.04945 15.62872 15.79083
                                              E23-0255 E23-0254  E23-0253 E23-0277  E23-0252 E23-0251 E23-0250 E23-0267
A0A1W2PNV4                                   19.103676 19.15726 18.772849 18.85897 18.882288 18.82113 18.91532 18.89081
A0A1W2PRB8                                   16.636405 16.59192 16.099956 16.22555 16.519338 16.29894 16.22504 16.14669
AAAS                                         15.595777 15.49302 15.412463 15.70402 15.514936 15.73524 15.58401 15.69143
AAK1                                         16.539316 16.45700 16.904265 16.82925 16.713461 16.78015 16.50373 16.68897
AAMDC                                        14.808601 15.29241 15.084909 14.84771 14.779056 14.83389 14.63761 14.85315
AAMP                                         15.447756 15.42793 15.594883 15.22562 15.749828 15.21070 15.39715 15.37684
AARS1                                        19.070735 19.16974 18.726410 18.59118 19.259248 18.80602 18.72774 18.89909
AARS2                                        16.072251 16.05719 16.335576 16.13913 15.812361 16.08544 16.19583 16.18900
AASDHPPT                                     15.272851 15.27344 15.348600 15.36259 15.555775 15.02344 15.26796 15.42705
AASS                                         15.323503 15.20324 15.322216 14.90297 15.308943 15.31019 16.09052 15.21829
AATF                                         14.449933 14.41028 14.731236 14.81469 14.500023 14.65736 14.84338 14.72499
ABCB10                                       15.866380 15.76968 15.438695 15.83499 15.398692 15.74752 16.22116 16.19730
                                             E23-0249 E23-0248 E23-0247 E23-0246  E23-0245  E23-0244 E23-0243 E23-0241 E23-0237
A0A1W2PNV4                                   18.70684 18.62717 18.70250 18.61079 18.772813 18.789385 19.11610 18.77580 18.86056
A0A1W2PRB8                                   16.48177 16.17348 16.33068 16.43590 16.216352 16.400545 16.56784 16.17447 16.53066
AAAS                                         15.59333 15.55521 15.63849 15.80209 15.622556 15.687570 15.35914 15.36799 15.51929
AAK1                                         16.60418 16.83734 16.48596 16.79512 16.747442 16.621800 16.80665 16.55932 16.92392
AAMDC                                        14.40160 14.70788 15.00873 14.50985 15.014547 14.598575 15.00735 14.73045 15.17401
AAMP                                         15.20418 15.18004 15.26091 15.13992 15.468195 15.247503 15.37346 15.90657 15.43949
AARS1                                        18.84841 19.09710 18.91184 18.58760 18.862929 18.672599 19.14144 18.87561 19.12347
AARS2                                        15.91847 16.20088 16.31609 16.40451 16.101462 16.386657 15.89697 16.27290 15.82992
AASDHPPT                                     15.25961 15.20284 15.22707 15.12121 15.235020 15.156544 15.37617 15.12985 15.39422
AASS                                         15.82059 15.35896 15.10709 16.15163 15.238400 15.885681 15.55687 15.09558 15.38837
AATF                                         14.68953 14.46366 14.46292 14.86519 14.641888 14.534175 14.58831 14.89205 14.32327
ABCB10                                       15.56368 15.86074 15.53339 15.37273 15.587172 15.851482 15.25423 15.21380 15.52191
                                             E23-0235 E23-0234 E23-0233 E23-0232 E23-0231 E23-0230 E23-0229  E23-0228 E23-0226
A0A1W2PNV4                                   18.87685 18.77178 19.13450 18.88658 18.72134 18.90188 18.48355 19.036361 18.78752
A0A1W2PRB8                                   16.42057 16.19365 16.30580 16.48585 16.07045 16.37979 16.29431 16.446778 16.31695
AAAS                                         15.43897 15.62765 15.39197 15.71479 15.81794 15.56013 15.89285 15.427807 15.67624
AAK1                                         16.55066 16.53244 17.04121 16.82900 16.55215 16.75413 16.58014 16.800550 16.55615
AAMDC                                        14.91838 14.91050 14.88290 14.88843 14.94716 14.74787 14.36166 14.922214 14.58228
AAMP                                         15.29766 15.45791 15.40301 15.18874 15.23609 15.46695 15.35269 15.768164 15.03211
AARS1                                        19.16232 18.90768 18.86574 19.02811 18.79352 18.88915 18.58930 18.957586 18.63978
AARS2                                        16.06146 15.98388 16.27173 16.12790 16.38367 15.98633 16.39613 15.981332 16.18262
AASDHPPT                                     15.38990 15.44897 15.20960 15.37210 15.18680 15.45638 14.97906 15.417560 15.12489
AASS                                         15.59372 15.54235 15.20403 15.27489 15.21712 15.44827 16.18589 15.113395 16.17474
AATF                                         14.53593 14.59986 14.33328 14.51207 14.77744 14.54140 14.87615 14.773212 14.67500
ABCB10                                       15.71307 15.96559 15.38738 15.33884 15.99851 15.98539 15.73595 15.402259 16.13046
                                             E23-0276 E23-0224 E23-0223 E23-0222 E23-0275 E23-0221 E23-0220 E23-0219  E23-0218
A0A1W2PNV4                                   18.71025 18.77493 18.90540 18.96772 18.65594 18.79561 19.07283 19.08733 18.908333
A0A1W2PRB8                                   16.65235 16.49333 16.35972 16.26589 16.16433 16.38275 16.41053 16.52385 16.396044
AAAS                                         15.44580 15.53993 15.48872 15.64210 15.75254 15.82966 15.53076 15.32324 15.352731
AAK1                                         16.75345 16.41520 16.81053 16.61981 16.44511 17.06572 16.94224 16.47805 16.932680
AAMDC                                        15.15009 14.81828 14.92822 14.80143 14.74417 14.85036 14.93539 14.79364 14.976145
AAMP                                         15.61636 15.60234 15.43832 15.61423 15.64108 15.62404 15.25446 15.52520 15.448181
AARS1                                        19.11121 18.94693 19.38117 19.04784 19.02735 19.04894 19.16002 19.05898 18.965204
AARS2                                        16.00834 16.31520 15.89658 15.89163 16.25193 16.21925 16.18811 15.88991 15.680818
AASDHPPT                                     15.54699 15.48957 15.44980 15.77646 15.14973 15.28605 15.46629 15.36942 15.400633
AASS                                         15.71149 15.33666 15.03251 15.82849 15.51855 15.09373 15.34920 15.27510 15.369528
AATF                                         14.27421 14.78007 14.59808 14.71032 14.65872 14.65781 14.64631 14.71927 14.225200
ABCB10                                       15.41770 15.86908 15.30777 15.62043 15.70701 15.80214 15.41935 15.28654 16.104264
                                             E23-0217 E23-0216 E23-0215 E23-0214 E23-0213 E23-0212 E23-0211 E23-0210 E23-0209
A0A1W2PNV4                                   18.85932 19.04988 18.48819 18.70747 18.51087 18.68357 18.82778 18.47512 18.96104
A0A1W2PRB8                                   16.07943 16.52488 16.23575 16.08121 16.19950 16.26276 16.47661 16.25134 16.17165
AAAS                                         15.52004 15.87936 15.70539 15.46330 15.68049 15.39228 15.67608 15.76025 15.56908
AAK1                                         16.55869 16.57664 16.65880 16.67744 16.65090 16.62021 16.64280 16.87308 16.52192
AAMDC                                        14.85326 14.39309 14.68792 14.81422 14.69273 14.92033 15.12016 14.69929 14.87249
AAMP                                         15.25763 15.30096 15.25012 15.52826 15.34989 15.42743 15.52435 15.63502 15.44440
AARS1                                        18.81891 18.75236 18.63033 18.82105 18.52580 18.73844 18.80544 18.96072 18.91543
AARS2                                        16.40416 16.21805 16.28342 16.20854 16.32306 16.04354 16.06823 16.49471 16.19787
AASDHPPT                                     15.17515 15.06422 15.12675 15.27878 15.11844 15.02753 15.39845 15.04773 15.38875
AASS                                         15.26521 14.75390 15.71963 15.73258 15.68423 15.40975 15.42394 16.01704 15.08593
AATF                                         14.77290 14.72352 14.65400 14.62031 14.62506 14.82447 14.27741 14.68616 14.63164
ABCB10                                       15.53627 15.87339 16.02108 15.85463 15.90005 15.94184 15.92122 15.81743 15.79302
                                             E23-0208 E23-0207 E23-0264 E23-0206  E23-0205 E23-0204 E23-0203 E23-0202 E23-0201
A0A1W2PNV4                                   18.85113 18.58752 18.82468 19.14115 18.497452 19.00130 18.52416 18.88607 18.85217
A0A1W2PRB8                                   16.45513 16.24081 16.42609 16.55793 16.204578 16.46097 16.24519 16.40172 16.25509
AAAS                                         15.56753 15.79417 15.52817 15.55126 15.171455 15.42550 15.64163 15.68940 15.70119
AAK1                                         16.57882 16.65340 16.59856 16.57825 16.682960 16.73774 16.75723 16.55177 16.52077
AAMDC                                        14.71205 14.88224 14.79915 14.77538 14.949436 14.85254 14.82253 14.75426 14.59669
AAMP                                         15.47112 14.95636 15.58448 15.38456 15.734706 15.38530 15.62292 15.31817 15.21949
AARS1                                        18.94399 18.49826 19.07636 18.86924 19.099574 18.75615 18.84407 18.93576 18.83141
AARS2                                        16.20479 16.45249 16.09736 16.04565 15.949939 15.97488 16.20087 16.44493 16.27597
AASDHPPT                                     15.42815 15.13364 15.41597 15.37360 14.975378 15.27177 15.20119 15.25862 15.17687
AASS                                         15.06920 16.40974 14.99747 15.59590 15.541382 15.55028 15.26804 15.78895 15.77778
AATF                                         14.68352 14.82290 14.63550 14.54703 14.657364 14.72309 14.69359 14.71148 14.64985
ABCB10                                       15.69043 15.83121 15.50296 15.84489 15.270202 15.54227 15.67097 16.09580 15.65987
                                             E23-0200 E23-0199  E23-0198 E23-0197 E23-0196 E23-0195 E23-0194 E23-0193
A0A1W2PNV4                                   18.67342 18.90466 18.548171 18.55311 18.86896 18.44017 19.03953 18.96027
A0A1W2PRB8                                   16.13997 16.30662 16.477220 16.41941 16.14488 16.13259 16.56072 16.25591
AAAS                                         15.69890 15.73073 15.510340 15.53159 15.37424 15.17887 15.44622 15.39894
AAK1                                         16.67633 16.84109 16.512067 16.63062 16.85375 16.77373 16.69359 16.86414
AAMDC                                        14.75670 14.37791 14.713576 14.86538 14.95970 15.33261 14.75391 15.27059
AAMP                                         15.19839 15.44114 15.514457 15.68381 15.56467 15.82641 15.37088 15.43179
AARS1                                        18.64534 18.72133 18.785356 18.95485 19.11652 18.84011 18.97241 19.41860
AARS2                                        16.37658 16.21553 16.262483 16.23781 16.34010 15.88046 15.98317 15.87751
AASDHPPT                                     15.17726 15.14410 15.233270 15.20956 15.28923 15.03256 15.32373 15.44312
AASS                                         15.92343 14.94003 15.719549 16.21311 15.31912 15.16959 15.10348 15.17765
AATF                                         14.76970 14.39987 14.530105 14.62420 14.78639 14.65681 14.49282 14.32058
ABCB10                                       15.83066 15.76975 16.355972 15.86427 15.78963 15.45605 16.11854 15.46090
 [ reached getOption("max.print") -- omitted 4957 rows ]
[1] 4969   79
